     000  10  100  101  102  103  104  ...  yes  yet  yoga  you  zero  zing  zumba
0      0   0    0    0    0    0    0  ...    0    0     0    0     0     0      0
1      0   0    0    0    0    0    0  ...    0    0     0    0     0     0      0
2      0   0    0    0    0    0    0  ...    0    0     0    0     0     0      0
3      0   0    0    0    0    0    0  ...    0    0     0    0     0     0      0
4      0   0    0    0    0    0    0  ...    0    0     0    0     0     0      0
..   ...  ..  ...  ...  ...  ...  ...  ...  ...  ...   ...  ...   ...   ...    ...
429    0   0    0    0    0    0    0  ...    0    0     0    0     0     0      0
430    0   0    0    0    0    0    0  ...    0    0     0    0     0     0      0
431    0   0    0    0    0    0    0  ...    0    0     0    0     0     0      0
432    0   0    0    0    0    0    0  ...    0    0     0    0     0     0      0
433    0   0    0    0    0    0    0  ...    0    0     0    0     0     0      0

[434 rows x 1639 columns]
